1
2
1
3
3
1
2
1
2
2
8
7
5
9
4
9
4
4
17
3
19
21
7
8
14
2
7
17
21
24
4
10
8
31
23
23
35
28
19
40
12
25
23
26
33
7
4
12
17
36
11
31
25
9
32
48
12
46
2
60
5
21
49
21
4
36
30
32
23
49
35
60
50
25
23
5
52
48
4
18
23
65
30
16
63
52
31
26
46
61
49
22
87
87
40
60
37
78
29
83
16
81
1
31
17
29
98
21
67
12
42
93
64
70
19
3
26
62
113
52
43
10
114
98
116
41
5
1
33
32
104
18
39
62
80
136
15
84
128
7
35
133
23
78
36
49
32
90
86
63
54
6
78
58
59
19
112
148
51
49
101
75
135
131
121
66
61
6
106
151
20
60
65
126
36
37
143
160
123
148
49
32
118
39
61
78
176
77
76
38
167
67
38
36
89
114
165
50
56
40
1
126
78
188
18
145
106
148
107
41
208
190
78
208
50
196
191
162
70
37
210
142
147
57
49
105
5
144
198
135
102
131
156
105
150
193
62
31
164
153
98
58
71
201
60
196
101
4
185
202
199
24
156
62
94
8
27
137
19
31
81
86
167
10
198
85
213
141
209
123
126
208
54
209
137
246
116
207
3
26
269
90
58
17
246
9
150
95
113
178
251
36
69
288
71
51
19
54
57
140
2
86
203
239
53
14
254
257
147
257
82
199
71
94
34
70
247
280
244
125
211
135
70
314
291
55
92
165
275
257
12
278
136
139
329
4
48
252
113
184
303
291
121
64
202
144
242
47
217
133
65
148
182
172
73
210
20
34
113
250
300
80
263
361
58
127
155
160
146
30
78
185
10
160
285
79
133
338
128
345
301
186
346
228
366
98
348
309
347
173
26
252
271
178
362
88
256
177
63
202
178
42
45
217
82
351
318
178
292
99
85
411
130
187
252
350
383
307
153
356
115
281
397
52
137
6
62
31
62
383
140
47
167
354
421
410
313
8
325
369
387
359
173
14
288
272
266
75
368
393
145
249
316
453
327
148
334
274
16
279
11
314
148
387
84
211
333
317
203
449
314
137
236
142
219
461
85
162
9
350
343
301
475
359
57
451
424
322
92
404
173
263
446
210
480
125
110
189
257
424
